0.2448149777730575 6.499673802551854
0.7629379011090711 23.225258302862926
1.1191758583544476 34.37362503982638
1.410705345086556 42.7303485002503
1.6298645142692416 42.68938416956195
1.898484319764531 33.29338046760023
2.158683679507214 27.637268437741795
2.402573166846202 22.918784421416717
2.719212271092837 21.92502010286597
2.905903415211421 21.890124561909204
3.1334830301467127 18.109268559117538
3.344297613448438 20.873602281864862
3.6362063995387706 24.557357648950756
3.871675441125154 23.578765304729018
4.228444417472045 28.184976711019317
