0.2620072871811858 10.500165617754249
0.7356947664789666 31.4963564094071
1.1167191122888376 52.47598542563759
1.3937458595561445 69.14748261013574
1.6259005465385892 60.6098873799271
1.8816557634978466 44.569807883405076
2.1489007121563426 30.14036104670413
2.380993292480954 22.67514077509111
2.635941122888373 20.57593574031131
2.8674436899635647 23.298277575356053
3.098822043723087 28.165369327591918
3.3880838025836364 33.578999668764425
3.5960479463398474 42.73145081152694
3.8620507618416693 49.749503146737254
4.510040576349784 61.12537263994693
5.551941868168267 70.96306724080807
8.01937727724412 66.57833719774743

