0.23709598192356784 2.0689655172413666
0.718243442381373 10.896551724137936
1.0955693093624128 15.310344827586192
1.495687199135475 19.724137931034477
1.8837803320561939 21.931034482758605
2.1109146281560074 19.17241379310346
2.3852834266627365 22.206896551724128
2.6469987228607916 20.82758620689654
2.874683171234895 20
3.125395421947146 20
3.386953531781119 18.068965517241395
3.637508596129286 17.51724137931035
3.8764318695353177 16.13793103448276
4.502347971313489 13.103448275862092
5.504332449160034 10.068965517241367
6.494999508792612 7.310344827586192
6.75 7.310344827586192
7	7.310344827586192
