0.2504865021530309 9.425720437230893
0.7210686485591256 84.04065915866181
1.0819704372308707 252.4697747598542
1.3536560119244778 361.36551838357065
1.6102807220934081 330.3121894667108
1.8706628850612783 234.3801755548194
2.118499503146737 155.06790327923147
2.3763973998012586 102.03088771116262
2.6318420834713474 91.3526830076184
2.862661477310368 105.87114938721425
3.1273289996687637 135.94526333222916
3.3687686319973493 167.08761179198405
3.610798277575355 188.04239814508108
3.8652492547201054 194.52219277906585
4.4919985922490895 172.6502981119575
5.502380755216958 126.71828420006614
7.994193027492546 101.4263829082476

